function c = ylgnbu_r()
% This is the YlGnBui_r ("Yellow Green Blue, reversed") colormap, exported from matplotlib
% (http://matplotlib.org) using this scrpt:

%   #!/usr/bin/env python3
%   
%   from matplotlib import cm
%   import os.path
%   import sys
%   import scipy.io
%   import numpy as np
%   
%   
%   try:
%       cmapname = sys.argv[1]
%       cmap = getattr(cm, cmapname)
%   except:
%       sys.exit(1)
%   
%   vals = np.array([cmap(i) for i in range(0,256)])[:, 0:3]
%   
%   scipy.io.savemat(cmapname + '.mat', {cmapname: vals})

% matplotlib is distributed under a custom license, available here
% (http://matplotlib.org/1.4.0/users/license.html) or quoted at the end of
% this file. matplotlib in general and this colormap in particular are
% “Copyright (c) 2012-2013 Matplotlib Development Team; All Rights Reserved”



persistent cmap
cmap = [0.0313725508749485 0.113725490868092 0.345098048448563;0.0349404095288585 0.116555171825138 0.352479825183457;0.0385082681827685 0.119384852782184 0.359861601918351;0.0420761268366786 0.12221453373923 0.367243378653246;0.0456439854905886 0.125044214696276 0.37462515538814;0.0492118441444986 0.127873895653323 0.382006932123035;0.0527797027984086 0.130703576610369 0.389388708857929;0.0563475614523186 0.133533257567415 0.396770485592823;0.0599154201062287 0.136362938524461 0.404152262327718;0.0634832787601387 0.139192619481507 0.411534039062612;0.0670511374140487 0.142022300438554 0.418915815797507;0.0706189960679587 0.1448519813956 0.426297592532401;0.0741868547218687 0.147681662352646 0.433679369267295;0.0777547133757788 0.150511343309692 0.44106114600219;0.0813225720296888 0.153341024266739 0.448442922737084;0.0848904306835988 0.156170705223785 0.455824699471979;0.0884582893375088 0.159000386180831 0.463206476206873;0.0920261479914188 0.161830067137877 0.470588252941767;0.0955940066453289 0.164659748094923 0.477970029676662;0.0991618652992389 0.16748942905197 0.485351806411556;0.102729723953149 0.170319110009016 0.492733583146451;0.106297582607059 0.173148790966062 0.500115359881345;0.109865441260969 0.175978471923108 0.507497136616239;0.113433299914879 0.178808152880154 0.514878913351134;0.117001158568789 0.181637833837201 0.522260690086028;0.120569017222699 0.184467514794247 0.529642466820923;0.124136875876609 0.187297195751293 0.537024243555817;0.127704734530519 0.190126876708339 0.544406020290711;0.131272593184429 0.192956557665385 0.551787797025606;0.134840451838339 0.195786238622432 0.5591695737605;0.138408310492249 0.198615919579478 0.566551350495395;0.141976169146159 0.201445600536524 0.573933127230289;0.145051909369581 0.204567476814868 0.580699755864985;0.144682820579585 0.209734720342299 0.583160347798291;0.144313731789589 0.214901963869731 0.585620939731598;0.143944642999593 0.220069207397162 0.588081531664904;0.143575554209597 0.225236450924593 0.590542123598211;0.143206465419601 0.230403694452024 0.593002715531518;0.142837376629605 0.235570937979455 0.595463307464824;0.142468287839609 0.240738181506886 0.597923899398131;0.142099199049613 0.245905425034317 0.600384491331437;0.141730110259617 0.251072668561748 0.602845083264744;0.141361021469621 0.25623991208918 0.60530567519805;0.140991932679625 0.261407155616611 0.607766267131357;0.140622843889629 0.266574399144042 0.610226859064663;0.140253755099633 0.271741642671473 0.61268745099797;0.139884666309637 0.276908886198904 0.615148042931276;0.139515577519641 0.282076129726335 0.617608634864583;0.139146488729645 0.287243373253766 0.620069226797889;0.138777399939649 0.292410616781197 0.622529818731196;0.138408311149653 0.297577860308628 0.624990410664502;0.138039222359657 0.30274510383606 0.627451002597809;0.137670133569661 0.307912347363491 0.629911594531115;0.137301044779665 0.313079590890922 0.632372186464422;0.136931955989669 0.318246834418353 0.634832778397728;0.136562867199673 0.323414077945784 0.637293370331035;0.136193778409677 0.328581321473215 0.639753962264341;0.135824689619681 0.333748565000646 0.642214554197648;0.135455600829685 0.338915808528077 0.644675146130955;0.135086512039689 0.344083052055508 0.647135738064261;0.134717423249693 0.34925029558294 0.649596329997568;0.134348334459698 0.354417539110371 0.652056921930874;0.133979245669702 0.359584782637802 0.654517513864181;0.133610156879706 0.364752026165233 0.656978105797487;0.133179553232941 0.370196086402033 0.659561727327459;0.132564405015871 0.376470596766939 0.662514437647427;0.1319492567988 0.382745107131846 0.665467147967395;0.13133410858173 0.389019617496752 0.668419858287363;0.13071896036466 0.395294127861659 0.67137256860733;0.130103812147589 0.401568638226565 0.674325278927298;0.129488663930519 0.407843148591472 0.677277989247266;0.128873515713449 0.414117658956378 0.680230699567234;0.128258367496378 0.420392169321285 0.683183409887202;0.127643219279308 0.426666679686191 0.68613612020717;0.127028071062238 0.432941190051097 0.689088830527137;0.126412922845167 0.439215700416004 0.692041540847105;0.125797774628097 0.44549021078091 0.694994251167073;0.125182626411027 0.451764721145817 0.697946961487041;0.124567478193956 0.458039231510723 0.700899671807009;0.123952329976886 0.46431374187563 0.703852382126976;0.123337181759816 0.470588252240536 0.706805092446944;0.122722033542745 0.476862762605443 0.709757802766912;0.122106885325675 0.483137272970349 0.71271051308688;0.121491737108605 0.489411783335256 0.715663223406848;0.120876588891534 0.495686293700162 0.718615933726816;0.120261440674464 0.501960804065068 0.721568644046783;0.119646292457394 0.508235314429975 0.724521354366751;0.119031144240323 0.514509824794881 0.727474064686719;0.118415996023253 0.520784335159788 0.730426775006687;0.117800847806183 0.527058845524694 0.733379485326655;0.117185699589112 0.533333355889601 0.736332195646623;0.116570551372042 0.539607866254507 0.73928490596659;0.115955403154972 0.545882376619414 0.742237616286558;0.115340254937901 0.55215688698432 0.745190326606526;0.114725106720831 0.558431397349227 0.748143036926494;0.114109958503761 0.564705907714133 0.751095747246462;0.115386390686035 0.570334512345931 0.75312573559144;0.119815456867218 0.574886607422548 0.753617853978101;0.124244523048401 0.579438702499165 0.754109972364762;0.128673589229584 0.583990797575782 0.754602090751424;0.133102655410767 0.588542892652399 0.755094209138085;0.137531721591949 0.593094987729016 0.755586327524746;0.141960787773132 0.597647082805634 0.756078445911407;0.146389853954315 0.602199177882251 0.756570564298069;0.150818920135498 0.606751272958868 0.75706268268473;0.155247986316681 0.611303368035485 0.757554801071391;0.159677052497864 0.615855463112102 0.758046919458053;0.164106118679047 0.620407558188719 0.758539037844714;0.16853518486023 0.624959653265336 0.759031156231375;0.172964251041412 0.629511748341953 0.759523274618037;0.177393317222595 0.63406384341857 0.760015393004698;0.181822383403778 0.638615938495187 0.760507511391359;0.186251449584961 0.643168033571804 0.76099962977802;0.190680515766144 0.647720128648421 0.761491748164682;0.195109581947327 0.652272223725038 0.761983866551343;0.19953864812851 0.656824318801655 0.762475984938004;0.203967714309692 0.661376413878273 0.762968103324666;0.208396780490875 0.66592850895489 0.763460221711327;0.212825846672058 0.670480604031507 0.763952340097988;0.217254912853241 0.675032699108124 0.76444445848465;0.221683979034424 0.679584794184741 0.764936576871311;0.226113045215607 0.684136889261358 0.765428695257972;0.230542111396789 0.688688984337975 0.765920813644634;0.234971177577972 0.693241079414592 0.766412932031295;0.239400243759155 0.697793174491209 0.766905050417956;0.243829309940338 0.702345269567826 0.767397168804618;0.248258376121521 0.706897364644443 0.767889287191279;0.252687442302704 0.71144945972106 0.76838140557794;0.25871589288992 0.71514034762102 0.768073831586277;0.266343727883171 0.717970028344323 0.766966565216289;0.273971562876421 0.720799709067625 0.765859298846301;0.281599397869671 0.723629389790928 0.764752032476313;0.289227232862921 